,0,1,2,3,4,5,6,7,8,9,10,11,12,13,14,15,16,17,18,19,20,21,22,23,24,25,26,27,28,29,30,31,32,33,34,35,36,37,38,39,40,41,42,43,44,45,46,47,48,49,50,51,52,53,54,55,56,57,58,59,60,61,62,63,64,65,66,67,68,69,70,71,72,73,74,75,76,77,78,79,80,81,82,83,84,85,86,87,88,89,90,91,92,93,94,95,96,97,98,99
0,0.0,1.1172784566879272,1.3392177820205688,0.5608090758323669,0.9871620535850525,1.4535329341888428,1.7520462274551392,1.0067448616027832,1.0498104095458984,1.7520462274551392,1.5007297992706299,1.3066902160644531,1.3066902160644531,1.249314785003662,1.4316784143447876,1.6221455335617065,1.3215581178665161,1.3215581178665161,1.6413830518722534,1.193284273147583,4.688482284545898,3.1218912601470947,5.03843355178833,2.7502496242523193,4.630612373352051,3.047126054763794,5.038683891296387,5.038683891296387,4.111750602722168,3.047126054763794,4.856358051300049,4.963138580322266,4.933625221252441,5.46995210647583,4.737312316894531,5.7349114418029785,5.315847396850586,5.4432268142700195,5.205047607421875,5.7349114418029785,6.281866073608398,6.370332717895508,5.994761943817139,7.176336288452148,7.176336288452148,5.597233772277832,7.1596360206604,5.342533111572266,7.1596360206604,5.642172813415527,7.687373161315918,6.724220275878906,6.724220275878906,6.384964942932129,5.761809825897217,5.990124702453613,6.455464839935303,5.990124702453613,7.205672740936279,5.041144847869873,5.134644508361816,5.134644508361816,4.898280620574951,5.134644508361816,5.134644508361816,5.201091766357422,4.9640021324157715,4.810875415802002,4.921105861663818,4.95746374130249,5.011842250823975,5.06699800491333,5.202788352966309,5.315768718719482,5.315768718719482,5.004603385925293,4.5514326095581055,5.042793273925781,5.080436706542969,4.6667799949646,4.86350154876709,4.478145122528076,4.449833393096924,4.788061618804932,4.83425760269165,4.906286716461182,4.610354423522949,4.8516998291015625,4.528285026550293,4.834521770477295,4.3187103271484375,4.4204816818237305,3.4156787395477295,4.565340518951416,4.4204816818237305,4.817000865936279,5.1121745109558105,4.9612321853637695,4.803553581237793,4.888813495635986
1,1.1172784566879272,0.0,0.8304814100265503,1.031446933746338,0.6605904698371887,1.6090896129608154,1.6438995599746704,1.7436652183532715,1.6398837566375732,1.6438995599746704,1.1031163930892944,0.7753185033798218,0.7753185033798218,0.9162507653236389,0.9107667207717896,1.5977309942245483,1.7354599237442017,1.7354599237442017,1.6439752578735352,1.046951413154602,5.334505081176758,3.8934483528137207,5.671045303344727,3.496943950653076,5.262832164764404,3.7927889823913574,5.303592205047607,5.303592205047607,4.643012523651123,3.7927889823913574,5.481717586517334,5.59588098526001,5.5415143966674805,5.996763229370117,5.34780740737915,6.223925590515137,5.887632846832275,5.964035511016846,5.753350257873535,6.223925590515137,6.3801398277282715,6.469213485717773,6.187023162841797,7.195790767669678,7.195790767669678,5.903040409088135,7.180113792419434,5.694489479064941,7.180113792419434,5.831549644470215,7.718958854675293,6.828256130218506,6.828256130218506,6.586246967315674,6.045138835906982,6.206481456756592,6.563943386077881,6.206481456756592,7.252300262451172,5.369072914123535,5.67374324798584,5.67374324798584,5.465152263641357,5.67374324798584,5.67374324798584,5.758108139038086,5.5444207191467285,5.375247478485107,5.516121864318848,5.524894714355469,5.554744720458984,5.542608737945557,5.7399468421936035,5.853074073791504,5.853074073791504,5.535584926605225,5.04692268371582,5.575010776519775,5.613574504852295,5.184038162231445,5.43845272064209,5.046689033508301,5.052234172821045,5.353281497955322,5.407441139221191,5.5021233558654785,5.207046985626221,5.433484077453613,5.1293110847473145,5.411595344543457,4.891106605529785,5.026900291442871,4.0218353271484375,5.137201309204102,5.026900291442871,5.409975051879883,5.700866222381592,5.548391819000244,5.395378112792969,5.4783453941345215
2,1.3392177820205688,0.8304814100265503,0.0,1.4089003801345825,1.3436435461044312,1.2300562858581543,1.3880594968795776,2.040264129638672,2.0074455738067627,1.3880594968795776,1.7729761600494385,1.5281190872192383,1.5281190872192383,1.5431729555130005,1.6574945449829102,1.2976828813552856,1.980522871017456,1.980522871017456,1.4417685270309448,0.6900432109832764,5.818131446838379,4.215071201324463,6.2168049812316895,3.6762211322784424,5.623934268951416,3.9636895656585693,5.067246437072754,5.067246437072754,4.761002540588379,3.9636895656585693,5.916120529174805,6.060219764709473,5.756111145019531,6.160733699798584,5.774581432342529,6.352241516113281,6.178656101226807,6.173603057861328,5.982041358947754,6.352241516113281,6.873487949371338,6.965417385101318,6.706037998199463,7.653539657592773,7.653539657592773,6.501765251159668,7.616699695587158,6.27691125869751,7.616699695587158,6.354099750518799,8.172048568725586,7.313411235809326,7.313411235809326,7.143461227416992,6.636682033538818,6.794334411621094,7.050032615661621,6.794334411621094,7.709483623504639,5.968628883361816,6.221676349639893,6.221676349639893,6.0122151374816895,6.221676349639893,6.221676349639893,6.294398307800293,6.088409900665283,5.877204418182373,6.055658340454102,6.076167583465576,6.083942890167236,5.995416641235352,6.2527384757995605,6.407970428466797,6.407970428466797,6.056840419769287,5.589264869689941,6.10002326965332,6.141590118408203,5.73356294631958,5.869874477386475,5.50186824798584,5.539570331573486,5.773379802703857,5.834934234619141,6.002003192901611,5.662820816040039,5.863895893096924,5.605116367340088,5.913900375366211,5.3796916007995605,5.462754249572754,4.495826244354248,5.5794878005981445,5.462754249572754,5.882069110870361,6.204165935516357,6.02800178527832,5.883113861083984,5.957856178283691
3,0.5608090758323669,1.031446933746338,1.4089003801345825,0.0,0.7848814129829407,1.6930410861968994,1.9904464483261108,1.269406795501709,1.1933856010437012,1.9904464483261108,1.3557363748550415,1.1548807621002197,1.1548807621002197,1.3041799068450928,1.249314785003662,1.5835572481155396,1.0599100589752197,1.0599100589752197,1.892742395401001,1.1816985607147217,4.568642616271973,3.1214144229888916,4.858260154724121,2.8583569526672363,4.490729331970215,3.0983052253723145,5.102353096008301,5.102353096008301,4.059148788452148,3.0983052253723145,4.727060794830322,4.788699626922607,4.911530017852783,5.405773162841797,4.6212158203125,5.7071757316589355,5.228053569793701,5.408613204956055,5.142748832702637,5.7071757316589355,6.254936695098877,6.323126316070557,5.941373825073242,7.146518230438232,7.146518230438232,5.452321529388428,7.11506462097168,5.221333980560303,7.11506462097168,5.538517475128174,7.676141262054443,6.714249134063721,6.714249134063721,6.309877872467041,5.673171520233154,5.905318737030029,6.412961006164551,5.905318737030029,7.159700393676758,4.909768581390381,4.927132606506348,4.927132606506348,4.717363357543945,4.927132606506348,4.927132606506348,4.9892048835754395,4.804204940795898,4.618813991546631,4.72941780090332,4.781887531280518,4.797632694244385,4.863708972930908,5.015637397766113,5.093985080718994,5.093985080718994,4.802186012268066,4.358343124389648,4.835654258728027,4.8708367347717285,4.481497287750244,4.6725287437438965,4.280791759490967,4.290915489196777,4.595289707183838,4.643075942993164,4.69892692565918,4.4390130043029785,4.661187171936035,4.366018772125244,4.6390910148620605,4.14579963684082,4.277828216552734,3.208606719970703,4.40784215927124,4.277828216552734,4.624414443969727,4.9038848876953125,4.76112699508667,4.616151332855225,4.688323497772217
4,0.9871620535850525,0.6605904698371887,1.3436435461044312,0.7848814129829407,0.0,1.8814905881881714,1.906603455543518,1.4480031728744507,1.2986613512039185,1.906603455543518,0.6828476786613464,0.45522141456604004,0.45522141456604004,0.7061911821365356,0.5609499216079712,1.780869483947754,1.4721132516860962,1.4721132516860962,1.8067783117294312,1.365312099456787,4.752692222595215,3.4112484455108643,5.0826520919799805,3.139314651489258,4.769654750823975,3.4187052249908447,5.285954475402832,5.285954475402832,4.326255798339844,3.4187052249908447,4.93163537979126,5.041235446929932,5.123085975646973,5.627313137054443,4.796224594116211,5.883471488952637,5.423596382141113,5.559040546417236,5.337060451507568,5.883471488952637,5.839807033538818,5.9173126220703125,5.60183048248291,6.686514377593994,6.686514377593994,5.262385845184326,6.666131496429443,5.052796840667725,6.666131496429443,5.22611141204834,7.229016304016113,6.310252666473389,6.310252666473389,5.997933387756348,5.439643383026123,5.614885330200195,6.013184547424316,5.614885330200195,6.725353717803955,4.735419750213623,5.0767436027526855,5.0767436027526855,4.867746353149414,5.0767436027526855,5.0767436027526855,5.161021709442139,4.9217119216918945,4.773681640625,4.907256603240967,4.919699668884277,4.956418514251709,4.979587554931641,5.150310039520264,5.2581071853637695,5.2581071853637695,4.941151142120361,4.4395880699157715,4.981051921844482,5.0194196701049805,4.5768351554870605,4.962862968444824,4.537067413330078,4.5226335525512695,4.892875671386719,4.9379801750183105,4.956869602203369,4.690402030944824,4.934176921844482,4.589079856872559,4.866703510284424,4.352449893951416,4.531926155090332,3.518977403640747,4.636594772338867,4.531926155090332,4.901323318481445,5.173737049102783,5.036203384399414,4.861230373382568,4.96783971786499
5,1.4535329341888428,1.6090896129608154,1.2300562858581543,1.6930410861968994,1.8814905881881714,0.0,1.1969566345214844,1.650850772857666,1.7138229608535767,1.1969566345214844,2.3717453479766846,2.12844181060791,2.12844181060791,2.0507972240448,2.2657909393310547,1.7673205137252808,2.2379355430603027,2.2379355430603027,1.4764740467071533,1.3016259670257568,5.649019241333008,3.9751312732696533,6.110592365264893,3.396620750427246,5.4777679443359375,3.6918647289276123,4.881363391876221,4.881363391876221,4.573673248291016,3.6918647289276123,5.763401031494141,5.953597068786621,5.538088321685791,6.003477573394775,5.625583648681641,6.147104263305664,6.0044121742248535,5.949092864990234,5.788890838623047,6.147104263305664,7.0885539054870605,7.1815104484558105,6.860439777374268,7.9135518074035645,7.9135518074035645,6.6358842849731445,7.864023208618164,6.3551859855651855,7.864023208618164,6.551244735717773,8.396692276000977,7.498551368713379,7.498551368713379,7.309525966644287,6.755960941314697,6.967521667480469,7.245920181274414,6.967521667480469,7.939267158508301,6.054079055786133,6.148542881011963,6.148542881011963,5.924497604370117,6.148542881011963,6.148542881011963,6.207503318786621,5.986959457397461,5.795363426208496,5.975849628448486,5.9603271484375,6.024667263031006,5.926096439361572,6.200808048248291,6.352344512939453,6.352344512939453,5.974467754364014,5.550447463989258,6.020730018615723,6.064043998718262,5.678473949432373,5.834627628326416,5.485966205596924,5.4757843017578125,5.738968372344971,5.797913551330566,5.980432033538818,5.636571884155273,5.851100444793701,5.566081523895264,5.880702018737793,5.362382411956787,5.395942687988281,4.486114978790283,5.5072174072265625,5.395942687988281,5.835890293121338,6.166239261627197,5.983083724975586,5.848206043243408,5.918287754058838
6,1.7520462274551392,1.6438995599746704,1.3880594968795776,1.9904464483261108,1.906603455543518,1.1969566345214844,0.0,1.9227516651153564,2.001983880996704,0.0,2.2119457721710205,2.049344778060913,2.049344778060913,1.8253241777420044,2.097243070602417,1.9085068702697754,2.4167392253875732,2.4167392253875732,0.7937241792678833,1.5267432928085327,6.038334369659424,4.499053478240967,6.4230217933654785,4.032362937927246,6.039514064788818,4.343019485473633,5.6705851554870605,5.6705851554870605,5.314324855804443,4.343019485473633,6.240618705749512,6.40806245803833,6.16391658782959,6.69953727722168,6.096839427947998,6.818856239318848,6.596168518066406,6.573455333709717,6.414629936218262,6.818856239318848,6.764163017272949,6.862617492675781,6.623951435089111,7.519782066345215,7.519782066345215,6.4530558586120605,7.45909309387207,6.236733436584473,7.45909309387207,6.261160373687744,8.056174278259277,7.219025611877441,7.219025611877441,7.086585998535156,6.612016677856445,6.743605613708496,6.917391777038574,6.743605613708496,7.555147171020508,5.9329352378845215,6.38032865524292,6.38032865524292,6.142910480499268,6.38032865524292,6.38032865524292,6.492947101593018,6.210855960845947,6.06675910949707,6.235363483428955,6.201836109161377,6.244561672210693,6.217748165130615,6.473381519317627,6.584140777587891,6.584140777587891,6.224186420440674,5.75846529006958,6.270625591278076,6.312291145324707,5.88124942779541,6.219796180725098,5.842807292938232,5.807466506958008,6.136264801025391,6.188493251800537,6.275707721710205,5.972084999084473,6.202633857727051,5.8740644454956055,6.168701648712158,5.689980983734131,5.786965370178223,4.841083526611328,5.880776882171631,5.786965370178223,6.186300277709961,6.488701343536377,6.330996036529541,6.1697306632995605,6.264154434204102
7,1.0067448616027832,1.7436652183532715,2.040264129638672,1.269406795501709,1.4480031728744507,1.650850772857666,1.9227516651153564,0.0,0.33823859691619873,1.9227516651153564,1.769457221031189,1.6555938720703125,1.6555938720703125,1.5211485624313354,1.7567470073699951,2.2837607860565186,1.7943267822265625,1.7943267822265625,1.868606448173523,1.9351972341537476,4.274938583374023,2.80967378616333,4.693432331085205,2.5267574787139893,4.417491912841797,2.8682286739349365,5.166365146636963,5.166365146636963,4.039175033569336,2.8682286739349365,4.511605739593506,4.686461448669434,4.691833972930908,5.328274250030518,4.375003337860107,5.563960075378418,5.0544843673706055,5.17197322845459,4.982675552368164,5.563960075378418,5.861928462982178,5.95701265335083,5.543298721313477,6.791461944580078,6.791461944580078,5.19032621383667,6.78270959854126,4.889956474304199,6.78270959854126,5.2669196128845215,7.259867191314697,6.269301414489746,6.269301414489746,5.9325947761535645,5.292790412902832,5.548494338989258,6.0274786949157715,5.548494338989258,6.805119514465332,4.58705997467041,4.770301342010498,4.770301342010498,4.509374141693115,4.770301342010498,4.770301342010498,4.84649658203125,4.533509731292725,4.4571404457092285,4.5650200843811035,4.528942584991455,4.6816229820251465,4.748288154602051,4.845344066619873,4.983405590057373,4.983405590057373,4.638422966003418,4.175339698791504,4.68350076675415,4.7241668701171875,4.277592182159424,4.7069220542907715,4.300012588500977,4.174246311187744,4.649116039276123,4.682956218719482,4.684086799621582,4.3992085456848145,4.688859939575195,4.2669596672058105,4.576457977294922,4.076107501983643,4.191018104553223,3.2878191471099854,4.312236309051514,4.191018104553223,4.611069202423096,4.8944902420043945,4.753086090087891,4.568734645843506,4.689304351806641
8,1.0498104095458984,1.6398837566375732,2.0074455738067627,1.1933856010437012,1.2986613512039185,1.7138229608535767,2.001983880996704,0.33823859691619873,0.0,2.001983880996704,1.6019715070724487,1.4989155530929565,1.4989155530929565,1.4365168809890747,1.6000176668167114,2.2463784217834473,1.7223981618881226,1.7223981618881226,1.926741361618042,1.9119467735290527,4.207293510437012,2.81640625,4.631145000457764,2.563140392303467,4.373083114624023,2.89778995513916,5.175004959106445,5.175004959106445,4.006689071655273,2.89778995513916,4.437216281890869,4.619200229644775,4.664109230041504,5.275108814239502,4.292527198791504,5.531668663024902,4.994055271148682,5.121456146240234,4.939990520477295,5.531668663024902,5.743271350860596,5.835500717163086,5.423664093017578,6.674758434295654,6.674758434295654,5.084728240966797,6.668098449707031,4.778919696807861,6.668098449707031,5.158815383911133,7.128303050994873,6.137587547302246,6.137587547302246,5.8017706871032715,5.163267612457275,5.419060707092285,5.909270763397217,5.419060707092285,6.68851375579834,4.4621405601501465,4.660078048706055,4.660078048706055,4.406906604766846,4.660078048706055,4.660078048706055,4.741264820098877,4.437239170074463,4.346831321716309,4.4735212326049805,4.427706241607666,4.5770978927612305,4.615604400634766,4.7165350914001465,4.879952430725098,4.879952430725098,4.522141456604004,4.050004959106445,4.568997383117676,4.611072063446045,4.163111686706543,4.6109209060668945,4.196079730987549,4.072017669677734,4.55173921585083,4.58690071105957,4.587018013000488,4.295557498931885,4.586263656616211,4.160247325897217,4.468930244445801,3.9721593856811523,4.0940070152282715,3.1971373558044434,4.203373432159424,4.0940070152282715,4.516956806182861,4.8040876388549805,4.658442497253418,4.469839096069336,4.596251487731934
9,1.7520462274551392,1.6438995599746704,1.3880594968795776,1.9904464483261108,1.906603455543518,1.1969566345214844,0.0,1.9227516651153564,2.001983880996704,0.0,2.2119457721710205,2.049344778060913,2.049344778060913,1.8253241777420044,2.097243070602417,1.9085068702697754,2.4167392253875732,2.4167392253875732,0.7937241792678833,1.5267432928085327,6.038334369659424,4.499053478240967,6.4230217933654785,4.032362937927246,6.039514064788818,4.343019485473633,5.6705851554870605,5.6705851554870605,5.314324855804443,4.343019485473633,6.240618705749512,6.40806245803833,6.16391658782959,6.69953727722168,6.096839427947998,6.818856239318848,6.596168518066406,6.573455333709717,6.414629936218262,6.818856239318848,6.764163017272949,6.862617492675781,6.623951435089111,7.519782066345215,7.519782066345215,6.4530558586120605,7.45909309387207,6.236733436584473,7.45909309387207,6.261160373687744,8.056174278259277,7.219025611877441,7.219025611877441,7.086585998535156,6.612016677856445,6.743605613708496,6.917391777038574,6.743605613708496,7.555147171020508,5.9329352378845215,6.38032865524292,6.38032865524292,6.142910480499268,6.38032865524292,6.38032865524292,6.492947101593018,6.210855960845947,6.06675910949707,6.235363483428955,6.201836109161377,6.244561672210693,6.217748165130615,6.473381519317627,6.584140777587891,6.584140777587891,6.224186420440674,5.75846529006958,6.270625591278076,6.312291145324707,5.88124942779541,6.219796180725098,5.842807292938232,5.807466506958008,6.136264801025391,6.188493251800537,6.275707721710205,5.972084999084473,6.202633857727051,5.8740644454956055,6.168701648712158,5.689980983734131,5.786965370178223,4.841083526611328,5.880776882171631,5.786965370178223,6.186300277709961,6.488701343536377,6.330996036529541,6.1697306632995605,6.264154434204102
10,1.5007297992706299,1.1031163930892944,1.7729761600494385,1.3557363748550415,0.6828476786613464,2.3717453479766846,2.2119457721710205,1.769457221031189,1.6019715070724487,2.2119457721710205,0.0,0.4603613018989563,0.4603613018989563,0.6356767416000366,0.4053702652454376,2.118834972381592,1.7785096168518066,1.7785096168518066,2.0666894912719727,1.831065058708191,4.8168511390686035,3.639974355697632,5.11594295501709,3.445293426513672,4.971512317657471,3.7368974685668945,5.682806968688965,5.682806968688965,4.649316310882568,3.7368974685668945,5.037639141082764,5.148345947265625,5.336584091186523,5.863692283630371,4.88541316986084,6.129988670349121,5.5956034660339355,5.760315418243408,5.553598403930664,6.129988670349121,5.4071550369262695,5.494110584259033,5.218206405639648,6.235365867614746,6.235365867614746,4.94053316116333,6.216146469116211,4.752924919128418,6.216146469116211,4.840073585510254,6.753946304321289,5.856850624084473,5.856850624084473,5.582006454467773,5.072004795074463,5.1983866691589355,5.582124710083008,5.1983866691589355,6.279707431793213,4.428430080413818,5.014950275421143,5.014950275421143,4.801633358001709,5.014950275421143,5.014950275421143,5.133011341094971,4.862881183624268,4.733793258666992,4.880311965942383,4.867266654968262,4.898837566375732,4.925321102142334,5.061644077301025,5.198813438415527,5.198813438415527,4.88429594039917,4.33535099029541,4.927048206329346,4.966310501098633,4.477786540985107,5.0553460121154785,4.604896545410156,4.554906845092773,4.999508380889893,5.03662109375,4.9740376472473145,4.722829341888428,4.987061977386475,4.593332290649414,4.868653774261475,4.373146057128906,4.60750675201416,3.646080732345581,4.69783878326416,4.60750675201416,4.96661901473999,5.219114780426025,5.097355365753174,4.889710903167725,5.0321502685546875
11,1.3066902160644531,0.7753185033798218,1.5281190872192383,1.1548807621002197,0.45522141456604004,2.12844181060791,2.049344778060913,1.6555938720703125,1.4989155530929565,2.049344778060913,0.4603613018989563,0.0,0.0,0.5364046096801758,0.29740411043167114,2.0520272254943848,1.771474838256836,1.771474838256836,1.9717622995376587,1.6247023344039917,4.899001598358154,3.63232421875,5.200663089752197,3.3797693252563477,4.972225666046143,3.681203842163086,5.530274868011475,5.530274868011475,4.5786051750183105,3.681203842163086,5.096630573272705,5.200637340545654,5.33931827545166,5.851137638092041,4.957971572875977,6.100549697875977,5.620790958404541,5.763396739959717,5.547358989715576,6.100549697875977,5.743997097015381,5.831274509429932,5.5432891845703125,6.577787399291992,6.577787399291992,5.232513427734375,6.572179794311523,5.041695594787598,6.572179794311523,5.183620929718018,7.106137275695801,6.2011284828186035,6.2011284828186035,5.9166364669799805,5.3766303062438965,5.524848461151123,5.929211616516113,5.524848461151123,6.6319732666015625,4.713890552520752,5.171306133270264,5.171306133270264,4.960727214813232,5.171306133270264,5.171306133270264,5.269673824310303,5.027901649475098,4.902525424957275,5.0284552574157715,5.010425567626953,5.064122200012207,5.098161697387695,5.243407726287842,5.347888469696045,5.347888469696045,5.046423435211182,4.516263008117676,5.08540153503418,5.1228532791137695,4.650336742401123,5.128021240234375,4.696781158447266,4.661496639251709,5.062357425689697,5.104635238647461,5.096035480499268,4.842806339263916,5.099468231201172,4.731164932250977,4.998310089111328,4.4816203117370605,4.692323684692383,3.6933109760284424,4.7918171882629395,4.692323684692383,5.052228927612305,5.310040473937988,5.183258533477783,5.001067638397217,5.115804672241211
12,1.3066902160644531,0.7753185033798218,1.5281190872192383,1.1548807621002197,0.45522141456604004,2.12844181060791,2.049344778060913,1.6555938720703125,1.4989155530929565,2.049344778060913,0.4603613018989563,0.0,0.0,0.5364046096801758,0.29740411043167114,2.0520272254943848,1.771474838256836,1.771474838256836,1.9717622995376587,1.6247023344039917,4.899001598358154,3.63232421875,5.200663089752197,3.3797693252563477,4.972225666046143,3.681203842163086,5.530274868011475,5.530274868011475,4.5786051750183105,3.681203842163086,5.096630573272705,5.200637340545654,5.33931827545166,5.851137638092041,4.957971572875977,6.100549697875977,5.620790958404541,5.763396739959717,5.547358989715576,6.100549697875977,5.743997097015381,5.831274509429932,5.5432891845703125,6.577787399291992,6.577787399291992,5.232513427734375,6.572179794311523,5.041695594787598,6.572179794311523,5.183620929718018,7.106137275695801,6.2011284828186035,6.2011284828186035,5.9166364669799805,5.3766303062438965,5.524848461151123,5.929211616516113,5.524848461151123,6.6319732666015625,4.713890552520752,5.171306133270264,5.171306133270264,4.960727214813232,5.171306133270264,5.171306133270264,5.269673824310303,5.027901649475098,4.902525424957275,5.0284552574157715,5.010425567626953,5.064122200012207,5.098161697387695,5.243407726287842,5.347888469696045,5.347888469696045,5.046423435211182,4.516263008117676,5.08540153503418,5.1228532791137695,4.650336742401123,5.128021240234375,4.696781158447266,4.661496639251709,5.062357425689697,5.104635238647461,5.096035480499268,4.842806339263916,5.099468231201172,4.731164932250977,4.998310089111328,4.4816203117370605,4.692323684692383,3.6933109760284424,4.7918171882629395,4.692323684692383,5.052228927612305,5.310040473937988,5.183258533477783,5.001067638397217,5.115804672241211
13,1.249314785003662,0.9162507653236389,1.5431729555130005,1.3041799068450928,0.7061911821365356,2.0507972240448,1.8253241777420044,1.5211485624313354,1.4365168809890747,1.8253241777420044,0.6356767416000366,0.5364046096801758,0.5364046096801758,0.0,0.5608090758323669,2.114332437515259,1.9162702560424805,1.9162702560424805,1.7379995584487915,1.6930450201034546,5.004931926727295,3.6839208602905273,5.332952499389648,3.3921306133270264,5.136574745178223,3.7301807403564453,5.622337341308594,5.622337341308594,4.727694511413574,3.7301807403564453,5.231315612792969,5.362129211425781,5.439531326293945,5.9974141120910645,5.082894802093506,6.224898338317871,5.761258602142334,5.877603054046631,5.681581974029541,6.224898338317871,5.660520553588867,5.765691757202148,5.491213798522949,6.491302013397217,6.491302013397217,5.250392913818359,6.492210865020752,5.051863670349121,6.492210865020752,5.156238079071045,7.0075602531433105,6.106814384460449,6.106814384460449,5.877788066864014,5.355960369110107,5.489203929901123,5.852884292602539,5.489203929901123,6.553755283355713,4.734585285186768,5.317372798919678,5.317372798919678,5.081437110900879,5.317372798919678,5.317372798919678,5.430419921875,5.129431247711182,5.043977737426758,5.159786224365234,5.1333770751953125,5.2131266593933105,5.269259452819824,5.383627414703369,5.506317615509033,5.506317615509033,5.196073055267334,4.659977912902832,5.238376617431641,5.2770562171936035,4.784991264343262,5.291811466217041,4.860154628753662,4.787128925323486,5.231279373168945,5.269799709320068,5.2455315589904785,4.977388381958008,5.252264976501465,4.851608753204346,5.139894962310791,4.627808094024658,4.822566509246826,3.858936309814453,4.931195259094238,4.822566509246826,5.206967353820801,5.468631744384766,5.342297554016113,5.146422863006592,5.275184154510498
14,1.4316784143447876,0.9107667207717896,1.6574945449829102,1.249314785003662,0.5609499216079712,2.2657909393310547,2.097243070602417,1.7567470073699951,1.6000176668167114,2.097243070602417,0.4053702652454376,0.29740411043167114,0.29740411043167114,0.5608090758323669,0.0,2.1262896060943604,1.7953814268112183,1.7953814268112183,2.0207393169403076,1.735884428024292,4.910640239715576,3.707115411758423,5.179929256439209,3.5053234100341797,5.0282087326049805,3.7951512336730957,5.694800853729248,5.694800853729248,4.700606346130371,3.7951512336730957,5.128543853759766,5.217828750610352,5.43556547164917,5.953603267669678,4.992367267608643,6.213406085968018,5.695684432983398,5.860461235046387,5.640047073364258,6.213406085968018,5.6460862159729,5.728734493255615,5.448906898498535,6.471811294555664,6.471811294555664,5.112711429595947,6.456543922424316,4.941194534301758,6.456543922424316,5.059867858886719,7.007691860198975,6.110121726989746,6.110121726989746,5.811160087585449,5.27703857421875,5.412667274475098,5.8209710121154785,5.412667274475098,6.516571521759033,4.613392353057861,5.134288787841797,5.134288787841797,4.925015449523926,5.134288787841797,5.134288787841797,5.244490623474121,4.992448806762695,4.879040718078613,4.99478816986084,4.981563568115234,5.024919509887695,5.0912370681762695,5.2197184562683105,5.308976173400879,5.308976173400879,5.0188164710998535,4.491036891937256,5.056559085845947,5.092733860015869,4.6233673095703125,5.133863925933838,4.6975417137146,4.658535480499268,5.072656154632568,5.112074851989746,5.0693464279174805,4.83717679977417,5.093954086303711,4.7190327644348145,4.974081993103027,4.486358642578125,4.710701942443848,3.7005529403686523,4.803939342498779,4.710701942443848,5.046645164489746,5.290945529937744,5.173882484436035,4.989469528198242,5.107039928436279
15,1.6221455335617065,1.5977309942245483,1.2976828813552856,1.5835572481155396,1.780869483947754,1.7673205137252808,1.9085068702697754,2.2837607860565186,2.2463784217834473,1.9085068702697754,2.118834972381592,2.0520272254943848,2.0520272254943848,2.114332437515259,2.1262896060943604,0.0,1.32955002784729,1.32955002784729,1.6306265592575073,0.7964581251144409,5.6921586990356445,4.235130310058594,6.004513740539551,3.848978042602539,5.56941556930542,4.0508646965026855,5.452146053314209,5.452146053314209,4.879027366638184,4.0508646965026855,5.818112373352051,5.907904148101807,5.794234275817871,6.196628570556641,5.685754776000977,6.479224681854248,6.161440849304199,6.258085250854492,6.0410919189453125,6.479224681854248,6.920385837554932,6.993873596191406,6.688004970550537,7.729386329650879,7.729386329650879,6.359498500823975,7.6462507247924805,6.116082668304443,7.6462507247924805,6.257542133331299,8.218926429748535,7.335815906524658,7.335815906524658,7.072566509246826,6.535944938659668,6.716149806976318,7.056332111358643,6.716149806976318,7.73493766784668,5.793683052062988,5.850645065307617,5.850645065307617,5.650008201599121,5.850645065307617,5.850645065307617,5.955745697021484,5.803324222564697,5.487213134765625,5.717173099517822,5.788788795471191,5.674501895904541,5.575538635253906,5.859488487243652,6.033317565917969,6.033317565917969,5.6788716316223145,5.264379978179932,5.722242832183838,5.764355659484863,5.415684223175049,5.495429992675781,5.1489667892456055,5.201581001281738,5.4010138511657715,5.46246337890625,5.587394714355469,5.258337020874023,5.428659915924072,5.208889484405518,5.505850315093994,5.086511611938477,5.14486837387085,4.196181774139404,5.242843151092529,5.14486837387085,5.513121128082275,5.837156772613525,5.658879280090332,5.509373188018799,5.589416980743408
16,1.3215581178665161,1.7354599237442017,1.980522871017456,1.0599100589752197,1.4721132516860962,2.2379355430603027,2.4167392253875732,1.7943267822265625,1.7223981618881226,2.4167392253875732,1.7785096168518066,1.771474838256836,1.771474838256836,1.9162702560424805,1.7953814268112183,1.32955002784729,0.0,0.0,2.120896100997925,1.4514938592910767,4.578361511230469,3.3509409427642822,4.751615047454834,3.263080596923828,4.611889362335205,3.419855833053589,5.602502346038818,5.602502346038818,4.382328033447266,3.419855833053589,4.782357215881348,4.780220031738281,5.135995388031006,5.629209995269775,4.686251163482666,6.003036022186279,5.386011600494385,5.662112236022949,5.378664970397949,6.003036022186279,6.275702953338623,6.3278069496154785,5.921998023986816,7.176276206970215,7.176276206970215,5.316859245300293,7.104712963104248,5.084019184112549,7.104712963104248,5.437779426574707,7.688287734985352,6.719350814819336,6.719350814819336,6.237974643707275,5.587435722351074,5.825569152832031,6.397480010986328,5.825569152832031,7.148712635040283,4.756536483764648,4.634579658508301,4.634579658508301,4.434328079223633,4.634579658508301,4.634579658508301,4.74190092086792,4.6103949546813965,4.326467990875244,4.485323429107666,4.5788421630859375,4.4655442237854,4.544264793395996,4.716956615447998,4.794132232666016,4.794132232666016,4.509583473205566,4.107894420623779,4.542144775390625,4.577012538909912,4.237071990966797,4.448672771453857,4.068296909332275,4.082623481750488,4.378185272216797,4.422982215881348,4.3996100425720215,4.171508312225342,4.371123313903809,4.096330642700195,4.345231533050537,3.9830024242401123,4.1153459548950195,3.0494577884674072,4.219550609588623,4.1153459548950195,4.390078544616699,4.656929016113281,4.52276611328125,4.367471694946289,4.451155662536621
17,1.3215581178665161,1.7354599237442017,1.980522871017456,1.0599100589752197,1.4721132516860962,2.2379355430603027,2.4167392253875732,1.7943267822265625,1.7223981618881226,2.4167392253875732,1.7785096168518066,1.771474838256836,1.771474838256836,1.9162702560424805,1.7953814268112183,1.32955002784729,0.0,0.0,2.120896100997925,1.4514938592910767,4.578361511230469,3.3509409427642822,4.751615047454834,3.263080596923828,4.611889362335205,3.419855833053589,5.602502346038818,5.602502346038818,4.382328033447266,3.419855833053589,4.782357215881348,4.780220031738281,5.135995388031006,5.629209995269775,4.686251163482666,6.003036022186279,5.386011600494385,5.662112236022949,5.378664970397949,6.003036022186279,6.275702953338623,6.3278069496154785,5.921998023986816,7.176276206970215,7.176276206970215,5.316859245300293,7.104712963104248,5.084019184112549,7.104712963104248,5.437779426574707,7.688287734985352,6.719350814819336,6.719350814819336,6.237974643707275,5.587435722351074,5.825569152832031,6.397480010986328,5.825569152832031,7.148712635040283,4.756536483764648,4.634579658508301,4.634579658508301,4.434328079223633,4.634579658508301,4.634579658508301,4.74190092086792,4.6103949546813965,4.326467990875244,4.485323429107666,4.5788421630859375,4.4655442237854,4.544264793395996,4.716956615447998,4.794132232666016,4.794132232666016,4.509583473205566,4.107894420623779,4.542144775390625,4.577012538909912,4.237071990966797,4.448672771453857,4.068296909332275,4.082623481750488,4.378185272216797,4.422982215881348,4.3996100425720215,4.171508312225342,4.371123313903809,4.096330642700195,4.345231533050537,3.9830024242401123,4.1153459548950195,3.0494577884674072,4.219550609588623,4.1153459548950195,4.390078544616699,4.656929016113281,4.52276611328125,4.367471694946289,4.451155662536621
18,1.6413830518722534,1.6439752578735352,1.4417685270309448,1.892742395401001,1.8067783117294312,1.4764740467071533,0.7937241792678833,1.868606448173523,1.926741361618042,0.7937241792678833,2.0666894912719727,1.9717622995376587,1.9717622995376587,1.7379995584487915,2.0207393169403076,1.6306265592575073,2.120896100997925,2.120896100997925,0.0,1.423223614692688,5.829908847808838,4.355730056762695,6.217416286468506,3.9329991340637207,5.91534423828125,4.239980220794678,5.754477500915527,5.754477500915527,5.257080078125,4.239980220794678,6.049658298492432,6.227049350738525,6.036603927612305,6.587136268615723,5.897223472595215,6.74830961227417,6.449277400970459,6.456142425537109,6.309732437133789,6.74830961227417,6.464573860168457,6.566082000732422,6.318055629730225,7.2380523681640625,7.2380523681640625,6.174389839172363,7.183340549468994,5.933173179626465,7.183340549468994,5.974386692047119,7.757663249969482,6.90657901763916,6.90657901763916,6.774466037750244,6.302530288696289,6.438535690307617,6.622683048248291,6.438535690307617,7.275218486785889,5.6195831298828125,6.083832740783691,6.083832740783691,5.839601993560791,6.083832740783691,6.083832740783691,6.218223571777344,5.925662994384766,5.760029315948486,5.963377952575684,5.921296119689941,5.942061901092529,5.886724472045898,6.139699935913086,6.2980780601501465,6.2980780601501465,5.917549133300781,5.452857971191406,5.9681549072265625,6.01254415512085,5.581153392791748,5.942514419555664,5.563107967376709,5.507680892944336,5.862814426422119,5.913486480712891,5.982415199279785,5.659621238708496,5.89603853225708,5.552158355712891,5.859511852264404,5.410125255584717,5.497190952301025,4.593677520751953,5.58087158203125,5.497190952301025,5.907318592071533,6.219152927398682,6.055201530456543,5.874039173126221,5.990560054779053
19,1.193284273147583,1.046951413154602,0.6900432109832764,1.1816985607147217,1.365312099456787,1.3016259670257568,1.5267432928085327,1.9351972341537476,1.9119467735290527,1.5267432928085327,1.831065058708191,1.6247023344039917,1.6247023344039917,1.6930450201034546,1.735884428024292,0.7964581251144409,1.4514938592910767,1.4514938592910767,1.423223614692688,0.0,5.598005294799805,4.0471882820129395,5.925675392150879,3.603358268737793,5.426030158996582,3.847917318344116,5.20530366897583,5.20530366897583,4.691848278045654,3.847917318344116,5.717397212982178,5.811789035797119,5.665709495544434,6.0858283042907715,5.594134330749512,6.326371669769287,6.054967403411865,6.12280797958374,5.89711332321167,6.326371669769287,6.899165630340576,6.978052139282227,6.676535606384277,7.713328838348389,7.713328838348389,6.339623928070068,7.657855033874512,6.113311767578125,7.657855033874512,6.268945217132568,8.24026870727539,7.348491191864014,7.348491191864014,7.085667133331299,6.532080173492432,6.716159820556641,7.057130336761475,6.716159820556641,7.741941452026367,5.796329498291016,5.896137237548828,5.896137237548828,5.692238807678223,5.896137237548828,5.896137237548828,5.9766998291015625,5.812783241271973,5.563117027282715,5.7429938316345215,5.782301425933838,5.743405342102051,5.6887736320495605,5.948215007781982,6.0700364112854,6.0700364112854,5.7392191886901855,5.301071643829346,5.778369426727295,5.817739963531494,5.440339088439941,5.561455249786377,5.202165126800537,5.246379852294922,5.466693878173828,5.526898384094238,5.663968563079834,5.354648590087891,5.5445404052734375,5.301150798797607,5.587828159332275,5.106354236602783,5.190438270568848,4.180994033813477,5.301859378814697,5.190438270568848,5.5644307136535645,5.874905586242676,5.706916332244873,5.569573402404785,5.635584831237793
20,4.688482284545898,5.334505081176758,5.818131446838379,4.568642616271973,4.752692222595215,5.649019241333008,6.038334369659424,4.274938583374023,4.207293510437012,6.038334369659424,4.8168511390686035,4.899001598358154,4.899001598358154,5.004931926727295,4.910640239715576,5.6921586990356445,4.578361511230469,4.578361511230469,5.829908847808838,5.598005294799805,0.0,2.0371034145355225,1.2798429727554321,3.030425786972046,1.6463212966918945,2.853562593460083,5.97544002532959,5.97544002532959,3.3400306701660156,2.853562593460083,0.7695282101631165,0.9643034934997559,2.715210199356079,3.4195590019226074,0.8552837371826172,3.933535575866699,2.360478401184082,3.147352695465088,2.872016191482544,3.933535575866699,5.233245849609375,5.19509744644165,4.454509735107422,6.234888553619385,6.234888553619385,3.567535161972046,6.2726569175720215,3.203402280807495,6.2726569175720215,4.351322174072266,6.6170878410339355,5.567139625549316,5.567139625549316,4.616892337799072,3.7848048210144043,4.324662685394287,5.299586772918701,4.324662685394287,6.131153583526611,3.1550872325897217,2.2741246223449707,2.2741246223449707,2.170644521713257,2.2741246223449707,2.2741246223449707,1.970841407775879,1.4707528352737427,1.9259209632873535,1.5556931495666504,1.8555599451065063,2.3639442920684814,2.8506200313568115,2.328449010848999,2.4205899238586426,2.4205899238586426,2.285581111907959,2.223921537399292,2.2966363430023193,2.306204319000244,2.1947267055511475,2.9487667083740234,2.557412624359131,2.3171677589416504,3.0556528568267822,2.9889678955078125,2.4397716522216797,2.576878070831299,2.8518869876861572,2.36959171295166,2.43786358833313,2.2290380001068115,2.494283676147461,2.5078110694885254,2.5457756519317627,2.494283676147461,2.62050461769104,2.5940704345703125,2.6457717418670654,2.432368040084839,2.6384336948394775
21,3.1218912601470947,3.8934483528137207,4.215071201324463,3.1214144229888916,3.4112484455108643,3.9751312732696533,4.499053478240967,2.80967378616333,2.81640625,4.499053478240967,3.639974355697632,3.63232421875,3.63232421875,3.6839208602905273,3.707115411758423,4.235130310058594,3.3509409427642822,3.3509409427642822,4.355730056762695,4.0471882820129395,2.0371034145355225,0.0,2.843672275543213,1.0593974590301514,1.7842421531677246,0.9396337866783142,4.371057033538818,4.371057033538818,2.0667362213134766,0.9396337866783142,2.014528274536133,2.301816940307617,2.1967523097991943,2.972496509552002,1.9241704940795898,3.343653917312622,2.4808549880981445,2.829987049102783,2.5174038410186768,3.343653917312622,5.682003974914551,5.705164909362793,5.092380523681641,6.665175437927246,6.665175437927246,4.53564453125,6.683909893035889,4.180067539215088,6.683909893035889,4.9184088706970215,7.132751941680908,6.092865467071533,6.092865467071533,5.463662147521973,4.724888801574707,5.156881332397461,5.81007719039917,5.156881332397461,6.628647327423096,4.046935081481934,3.5752601623535156,3.5752601623535156,3.384509563446045,3.5752601623535156,3.5752601623535156,3.3899478912353516,3.023716449737549,3.1027004718780518,3.025573492050171,3.219050168991089,3.531892776489258,3.696223735809326,3.5953330993652344,3.7531604766845703,3.7531604766845703,3.4594175815582275,3.174926996231079,3.491870641708374,3.5225486755371094,3.2347123622894287,3.4847047328948975,3.0735020637512207,2.9991204738616943,3.4907619953155518,3.4866318702697754,3.407733917236328,3.2144181728363037,3.4726600646972656,3.102405309677124,3.3831305503845215,2.805131673812866,2.9200756549835205,2.416518449783325,3.0843942165374756,2.9200756549835205,3.350637435913086,3.5608885288238525,3.4602067470550537,3.2834551334381104,3.4133377075195312
